15

error_R_opencv =

   1.342241043455955


error_t_opencv =

   8.853931185989556

-------------------------------
14

error_R_opencv =

   1.444355097592847


error_t_opencv =

   9.847606186010648
-------------------------------
13

error_R_opencv =

   1.422622233584307


error_t_opencv =

   9.313041652246829
-------------------------------
12

error_R_opencv =

   1.437477656205862


error_t_opencv =

   9.346377560417331
-------------------------------
11

error_R_opencv =

   1.336748800047085


error_t_opencv =

   9.566946427772773
-------------------------------
10

error_R_opencv =

   1.435738960173134


error_t_opencv =

   9.702441109852133
-------------------------------
9

error_R_opencv =

   1.279582223230308


error_t_opencv =

   9.266014244959367

-------------------------------
8

error_R_opencv =

   1.365263536641791


error_t_opencv =

   9.076561473097723
-------------------------------
7

error_R_opencv =

   1.402212377363862


error_t_opencv =

   9.072162185173896
-------------------------------
6

error_R_opencv =

   1.397168149729978


error_t_opencv =

   9.452644889843199
-------------------------------
5

error_R_opencv =

   1.422699885922635


error_t_opencv =

   9.630906232635461
-------------------------------
4

error_R_opencv =

   1.493413202735838


error_t_opencv =

   9.524725742120681
-------------------------------
3

error_R_opencv =

   1.347638306464719


error_t_opencv =

   8.597153573547558
-------------------------------
2
error_R_opencv =

   1.355625698871026


error_t_opencv =

   8.681697097921925

-------------------------------
1

error_R_opencv =

   1.356868116821266


error_t_opencv =

   9.193803600677816


